33,11
33,10
33,9
33,8
33,7
33,6
33,5
33,1
33,4
33,3
33,0
27,67
27,66
27,65
27,64
27,36
27,35
27,34
27,33
27,32
27,31
27,30
27,29
27,28
27,26
27,25
27,24
27,23
27,22
27,21
27,20
27,19
27,18
27,17
27,16
27,15
27,14
27,13
27,12
27,11
27,10
27,9
27,8
27,7
27,6
27,5
27,4
27,3
27,2
27,1
27,0
4,3
4,1
4,0
2,3
2,1
2,0
1,3
1,1
1,0
0,310
0,305
0,308
0,304
0,303
0,302
0,307
0,12
0,10
0,8
0,0
0,413
0,300
0,398
0,299
0,315
0,298
0,385
0,297
0,399
0,296
0,425
0,295
0,430
0,294
0,429
0,293
0,395
0,292
0,424
0,291
0,428
0,290
0,427
0,289
0,397
0,288
0,423
0,287
0,394
0,286
0,422
0,285
0,426
0,284
0,420
0,283
0,419
0,282
0,418
0,281
0,393
0,280
0,392
0,279
0,417
0,278
0,415
0,277
0,421
0,276
0,414
0,275
0,412
0,274
